solution= [0, 8, 6, 0, 3, 0, 6, 8, 0, 5]
sizes= [3, 3, 3, 4, 3, 5, 3, 6, 9, 3]
rotation= [0, 0, 0, 0, 1]
l= 14
w= 9
n= 5
----------
solution= [6, 9, 0, 9, 3, 0, 6, 0, 0, 6]
sizes= [3, 3, 3, 4, 3, 5, 3, 6, 9, 3]
rotation= [0, 0, 0, 0, 1]
l= 13
w= 9
n= 5
----------
solution= [6, 6, 5, 0, 0, 0, 0, 9, 0, 3]
sizes= [3, 3, 4, 3, 5, 3, 6, 3, 9, 3]
rotation= [0, 1, 1, 1, 1]
l= 12
w= 9
n= 5
----------
solution= [0, 0, 0, 3, 3, 0, 6, 0, 0, 7]
sizes= [3, 3, 3, 4, 3, 5, 3, 6, 9, 3]
rotation= [0, 0, 0, 0, 1]
l= 10
w= 9
n= 5
----------
solution= [0, 6, 5, 0, 0, 0, 3, 6, 0, 3]
sizes= [3, 3, 4, 3, 5, 3, 6, 3, 9, 3]
rotation= [0, 1, 1, 1, 1]
l= 9
w= 9
n= 5
----------
==========
Finished in 4s 507msec.