solution= [3, 3, 0, 6, 0, 0, 3, 6]
sizes= [3, 3, 3, 5, 5, 3, 5, 5]
rotation= [0, 0, 0, 0]
l= 26
w= 8
n= 4
----------
solution= [3, 13, 0, 10, 0, 0, 3, 5]
sizes= [3, 3, 5, 3, 3, 5, 5, 5]
rotation= [0, 1, 1, 0]
l= 16
w= 8
n= 4
----------
solution= [0, 8, 0, 5, 5, 0, 3, 8]
sizes= [3, 3, 5, 3, 3, 5, 5, 5]
rotation= [0, 1, 1, 0]
l= 15
w= 8
n= 4
----------
solution= [5, 6, 0, 3, 0, 0, 0, 6]
sizes= [3, 3, 5, 3, 5, 3, 5, 5]
rotation= [0, 1, 0, 0]
l= 11
w= 8
n= 4
----------
solution= [0, 5, 0, 0, 3, 0, 3, 3]
sizes= [3, 3, 3, 5, 5, 3, 5, 5]
rotation= [0, 0, 0, 0]
l= 10
w= 8
n= 4
----------
solution= [0, 5, 3, 5, 5, 0, 0, 0]
sizes= [3, 3, 5, 3, 3, 5, 5, 5]
rotation= [0, 1, 1, 0]
l= 8
w= 8
n= 4
----------
==========
Finished in 1s 465msec.